2,0.853856
5,0.852196
6,0.840121
7,0.855735
8,0.900792
9,0.873913
67,0.736836
218,0.324796
221,0.124411
344,0.770466
350,0.289732
414,0.773428
416,0.772269
481,0.949305
485,0.946861
487,0.893246
488,0.854579
490,0.876719
491,0.896944
495,0.920953
496,0.757232
503,0.317155
503,0.819400
503,0.739318
506,0.908474
508,0.868796
509,0.816645
512,0.903551
516,0.940750
517,0.921977
519,0.902044
525,0.814201
526,0.863086
527,0.886947
528,0.902744
529,0.690389
532,0.306118
532,0.770900
533,0.871249
535,0.270505
536,0.212313
537,0.858544
538,0.231280
538,0.853120
539,0.841797
544,0.185586
548,0.156179
550,0.634326
552,0.932201
553,0.921849
558,0.709022
567,0.537079
574,0.901317
575,0.889269
577,0.726587
578,0.737084
579,0.866977
580,0.769826
581,0.790704
582,0.811255
590,0.728061
591,0.663432
599,0.846378
600,0.824985
617,0.663686
638,0.190848
639,0.923198
645,0.524803
654,0.932788
668,0.598110
669,0.877026
672,0.864410
672,0.664023
674,0.751356
678,0.678947
684,0.308055
685,0.403195
687,0.614344
688,0.601556
689,0.820694
690,0.832500
699,0.167025
699,0.084710
700,0.275901
701,0.600942
701,0.587898
702,0.456199
703,0.406528
703,0.644434
705,0.750756
706,0.790851
711,0.659331
712,0.437415
712,0.552962
714,0.737467
717,0.828729
719,0.748185
723,0.880657
727,0.917103
733,0.734679
739,0.759051
742,0.769381
745,0.765203
746,0.679747
748,0.765600
749,0.743595
753,0.615321
762,0.223229
763,0.953300
772,0.117356
781,0.751543
787,0.650637
790,0.661877
795,0.728327
813,0.478292
815,0.704665
830,0.613226
852,0.714272
854,0.649692
873,0.195984
889,0.671227
891,0.575813
892,0.568403
893,0.615078
922,0.772103
923,0.570923
925,0.459822
935,0.712693
966,0.765382
984,0.563320
991,0.629560
1003,0.714491
1004,0.768561
1020,0.487377
1043,0.598953
1044,0.620630
1045,0.592443
1054,0.721827
1055,0.751323
1057,0.743675
1058,0.869449
1059,0.630596
1059,0.811718
1061,0.830960
1062,0.689900
1072,0.617576
1076,0.673208
1079,0.501252
1080,0.771867
1081,0.775095
1086,0.654445
1088,0.713710
1089,0.747837
1090,0.740336
1091,0.628150
1092,0.687852
1094,0.690289
1097,0.742449
1103,0.728514
1104,0.713313
1105,0.766191
1111,0.727586
1113,0.662414
1114,0.673804
1115,0.685999
1116,0.641834
1118,0.653542
1124,0.216751
1145,0.699142
1147,0.738608
1148,0.713439
1156,0.571375
1159,0.692246
1160,0.735317
1168,0.746728
1171,0.805765
1174,0.779776
1205,0.198549
1208,0.810441
1209,0.809105
1214,0.568538
1215,0.735267
1216,0.695328
1217,0.626901
1218,0.632713
1223,0.744012
1224,0.636956
1261,0.795446
1263,0.219156
1266,0.612390
1267,0.601652
1268,0.789203
1269,0.535430
1270,0.731805
1271,0.836339
1275,0.578451
1276,0.643778
1282,0.632050
1310,0.306720
1317,0.735088
1322,0.283898
1322,0.721692
1335,0.757628
1339,0.753138
1340,0.664826
1341,0.787440
1343,0.702344
1344,0.703392
1354,0.277120
1358,0.683266
1363,0.674175
1407,0.607673
1415,0.452131
1435,0.345070
1440,0.370457
1440,0.749085
1447,0.583565
1461,0.547733
1485,0.244176
1487,0.683965
1488,0.704402
1495,0.616509
1497,0.340549
1526,0.690814
1528,0.596584
1529,0.649131
1530,0.660873
1537,0.407926
1538,0.653971
1539,0.676252
1540,0.491430
1541,0.439952
1546,0.643314
1548,0.446105
1549,0.741417
1550,0.707450
1551,0.507230
1552,0.699160
1553,0.735801
1553,0.538833
1555,0.781909
1556,0.784425
1557,0.758255
1558,0.791131
1559,0.837485
1563,0.462864
1563,0.683342
1564,0.598000
1564,0.454726
1573,0.488247
1590,0.672914
1592,0.641111
1594,0.610244
1622,0.608318
1633,0.634007
1636,0.750458
1637,0.534010
1642,0.552024
1645,0.773435
1647,0.588786
1651,0.588692
1652,0.667481
1653,0.667388
1657,0.757837
1660,0.579989
1663,0.689368
1674,0.655764
1677,0.700418
1704,0.617104
1730,0.498292
1787,0.601192
1789,0.412760
1791,0.474741
1792,0.572203
1793,0.607655
1794,0.459614
1795,0.470409
1796,0.563834
1797,0.422745
1798,0.424664
1801,0.467110
1802,0.343168
1803,0.453978
1807,0.589514
1811,0.372133
1833,0.467987
1853,0.626453
1854,0.538584
1855,0.535138
1858,0.599599
1861,0.636619
1869,0.444107
1889,0.704944
1926,0.802442
1944,0.473370
1980,0.519498
2026,0.437407
2046,0.397269
2065,0.317817
2183,0.318866
2189,0.583260
2196,0.586850
2197,0.621702
2198,0.546211
2200,0.623338
2202,0.584553
2203,0.452931
2204,0.423561
2205,0.535019
2208,0.572512
2209,0.558123
2210,0.434605
2212,0.507115
2214,0.599702
2216,0.517224
2217,0.667031
2222,0.780691
2224,0.695826
2227,0.664596
2228,0.677857
2244,0.644741
2298,0.710450
2304,0.816261
2306,0.833657
2336,0.731143
2339,0.763079
2340,0.714097
2341,0.635437
2342,0.603095
2343,0.542131
2344,0.493294
2347,0.624321
2350,0.643744
2351,0.687946
2352,0.492014
2356,0.561990
2357,0.618813
2359,0.495263
2362,0.555484
2363,0.473407
2373,0.539941
2374,0.544668
2375,0.466309
2376,0.617304
2382,0.423904
2383,0.415114
2384,0.426610
2385,0.467987
2387,0.494257
2388,0.566967
2390,0.599565
2391,0.599953
2393,0.609793
2396,0.747883
2397,0.750775
2400,0.573980
2401,0.620904
2403,0.604361
2404,0.569642
2405,0.565128
2406,0.626359
2407,0.541365
2408,0.488834
2409,0.632606
2410,0.480901
2412,0.484353
2415,0.533735
2416,0.647525
2417,0.753732
2418,0.465770
2423,0.584470
2424,0.661614
2425,0.563812
2426,0.533310
2427,0.607610
2428,0.567762
2429,0.618537
2430,0.630653
2432,0.555825
2434,0.546686
2435,0.537991
2441,0.558713
2442,0.574608
2443,0.526155
2444,0.503420
2445,0.565154
2446,0.669716
2447,0.598400
2451,0.562482
2453,0.606985
2454,0.535309
2456,0.564610
2457,0.548785
2458,0.557284
2459,0.631469
2460,0.464209
2460,0.666947
2461,0.481808
2462,0.536527
2463,0.546983
2467,0.593212
2468,0.541558
2469,0.695373
2470,0.610870
2472,0.645887
2473,0.556103
2474,0.572223
2475,0.527832
2476,0.559069
2478,0.597688
2481,0.512062
2482,0.561002
2483,0.452626
2483,0.618073
2484,0.499837
2485,0.643559
2486,0.478844
2487,0.613014
2488,0.577984
2489,0.603515
2494,0.584901
2495,0.574409
2497,0.676319
2498,0.581858
2503,0.600617
2504,0.509152
2510,0.468441
2551,0.585653
2556,0.487319
2558,0.493498
2559,0.665368
2560,0.594928
2563,0.716331
2565,0.525985
2574,0.626405
2588,0.655207
2590,0.607304
2591,0.588834
2592,0.510664
2593,0.628822
2594,0.565920
2595,0.555343
2597,0.656100
2599,0.721355
2600,0.592539
2601,0.671034
2602,0.540272
2603,0.468708
2604,0.468241
2605,0.621766
2606,0.648441
2608,0.731469
2609,0.595278
2611,0.554653
2614,0.570484
2621,0.556574
2623,0.591975
2624,0.546234
2625,0.611454
2626,0.674194
2627,0.582385
2635,0.658603
2636,0.667160
2638,0.617648
2639,0.533461
2640,0.637427
2642,0.538762
2643,0.584547
2645,0.468681
2646,0.565184
2690,0.232084
2691,0.551318
2692,0.325201
2693,0.344386
2694,0.370724
2695,0.166540
2695,0.339262
2697,0.439644
2699,0.505833
2702,0.620848
2726,0.479024
2747,0.677484
2750,0.656817
2756,0.722031
2779,0.713296
2827,0.442226
2830,0.377334
2831,0.480853
2865,0.281781
2912,0.727221
2915,0.545474
2922,0.779407
2925,0.705299
2967,0.698465
2983,0.671724
3011,0.755393
3012,0.780626
3023,0.695057
3028,0.712174
3035,0.861170
3058,0.697045
3123,0.741386
3180,0.464556
3182,0.491526
3183,0.338962
3184,0.005436
3184,0.429226
3185,0.020971
3185,0.484060
3186,0.051940
3186,0.502720
3187,0.010805
3187,0.535585
3188,0.671030
3188,0.534328
3189,0.546828
3189,0.254362
3190,0.292523
3191,0.500167
3192,0.300361
3203,0.004182
3215,0.750540
3227,0.582458
3229,0.654160
3230,0.710612
3233,0.718938
3236,0.671480
3244,0.742411
3254,0.740887
3262,0.715861
3265,0.842000
3284,0.683232
3295,0.656454
3299,0.709256
3300,0.449489
3301,0.819219
3316,0.615061
3319,0.686506
3320,0.752401
3326,0.699559
3339,0.629161
3346,0.765652
3349,0.776776
3355,0.572064
3356,0.771825
3357,0.627081
3357,0.777510
3358,0.662657
3363,0.475220
3393,0.647716
3398,0.744487
3400,0.504732
3400,0.679556
3401,0.673996
3406,0.786896
3417,0.482657
3424,0.679277
3425,0.667755
3426,0.710869
3430,0.624805
3435,0.781356
3436,0.733398
3441,0.729863
3446,0.692521
3447,0.563267
3447,0.642964
3448,0.726613
3470,0.742688
3471,0.756542
3472,0.749624
3473,0.371553
3474,0.715052
3475,0.647162
3476,0.782367
3476,0.533506
3477,0.695911
3478,0.639345
3479,0.678261
3479,0.514291
3480,0.758047
3484,0.741700
3485,0.741365
3488,0.007781
3489,0.642023
3489,0.010014
3489,0.750124
3495,0.735199
3498,0.651167
3498,0.744327
3499,0.509629
3499,0.660735
3501,0.713144
3502,0.705096
3503,0.599410
3504,0.689046
3504,0.608773
3505,0.728639
3506,0.698556
3509,0.685951
3509,0.009218
3511,0.667338
3513,0.720024
3514,0.745527
3517,0.761247
3518,0.561673
3520,0.703747
3521,0.597806
3522,0.685720
3523,0.651462
3524,0.799620
3526,0.624887
3526,0.008273
3526,0.567183
3530,0.516591
3535,0.580347
3536,0.579951
3540,0.625355
3546,0.004946
3556,0.654307
3560,0.673116
3561,0.689711
3563,0.750594
3566,0.557181
3573,0.543787
3578,0.485211
3587,0.628992
3597,0.554821
3607,0.769790
3611,0.630014
3615,0.524327
3625,0.388776
3636,0.007388
3636,0.561138
3643,0.006323
3645,0.779700
3647,0.743741
3649,0.441419
3652,0.672413
3658,0.721925
3666,0.570509
3671,0.530828
3673,0.328203
3675,0.700040
3683,0.595607
3689,0.480834
3697,0.581477
3698,0.580461
3704,0.412761
3708,0.459178
3709,0.479825
3710,0.578231
3712,0.669374
3719,0.523027
3720,0.531890
3725,0.706796
3725,0.341383
3726,0.485317
3730,0.476201
3731,0.346277
3732,0.323363
3733,0.458333
3734,0.254976
3736,0.633277
3737,0.754957
3738,0.452147
3740,0.583282
3740,0.400962
3741,0.364473
3743,0.465113
3745,0.557847
3746,0.634960
3749,0.585335
3754,0.475542
3765,0.414690
3770,0.641419
3771,0.505062
3773,0.436116
3774,0.426927
3775,0.555988
3778,0.594742
3779,0.523051
3781,0.354588
3788,0.427788
3789,0.421331
3790,0.436381
3791,0.718044
3792,0.267762
3793,0.391764
3795,0.564551
3799,0.686660
3800,0.574361
3802,0.325644
3804,0.431520
3805,0.409693
3806,0.474532
3807,0.439534
3808,0.292313
3810,0.642805
3811,0.657119
3811,0.439967
3816,0.703409
3817,0.471860
3819,0.460398
3820,0.394002
3821,0.794749
3821,0.365546
3822,0.715593
3822,0.522461
3823,0.516871
3824,0.705605
3826,0.467533
3828,0.390515
3830,0.380434
3833,0.347048
3834,0.689546
3837,0.595374
3840,0.342629
3842,0.776036
3843,0.437250
3844,0.492841
3845,0.443870
3847,0.428531
3848,0.437671
3850,0.455678
3853,0.542358
3854,0.474426
3855,0.484969
3858,0.420676
3861,0.533375
3862,0.705672
3863,0.663198
3863,0.627525
3864,0.495230
3866,0.652457
3867,0.596115
3869,0.587225
3871,0.456217
3874,0.015382
3875,0.599936
3876,0.596257
3878,0.454948
3879,0.553540
3880,0.419568
3884,0.330371
3886,0.299127
3887,0.007451
3887,0.305325
3890,0.614259
3890,0.396086
3891,0.459242
3892,0.551409
3894,0.293262
3895,0.325237
3897,0.416225
3899,0.570087
3900,0.396513
3902,0.673215
3902,0.346387
3904,0.441685
3906,0.538945
3907,0.648679
3907,0.379187
3908,0.485599
3909,0.531588
3911,0.537904
3912,0.536377
3913,0.659983
3913,0.363381
3915,0.640281
3916,0.607294
3918,0.537835
3919,0.497602
3920,0.399830
3921,0.663939
3921,0.434609
3922,0.450412
3923,0.411292
3924,0.703810
3926,0.608188
3926,0.451149
3928,0.504092
3929,0.432837
3930,0.407176
3932,0.498130
3933,0.371465
3934,0.640277
3935,0.378545
3936,0.404238
3941,0.481507
3942,0.581103
3943,0.521073
3947,0.341891
3948,0.538400
3949,0.553258
3953,0.450016
3956,0.494133
3958,0.525311
3959,0.491154
3960,0.468146
3961,0.600625
3962,0.460521
3964,0.322061
3965,0.739840
3966,0.526528
3968,0.520251
3969,0.622466
3970,0.579760
3971,0.610249
3972,0.394649
3973,0.199092
3974,0.390719
3975,0.380306
3976,0.466590
3977,0.322017
3979,0.537218
3980,0.361077
3983,0.381345
3984,0.607605
3986,0.310736
3989,0.615250
3997,0.374857
3998,0.015041
3998,0.335678
3999,0.398628
4000,0.007806
4000,0.318482
4001,0.280213
4003,0.363354
4004,0.267760
4005,0.329987
4006,0.339826
4007,0.382127
4008,0.401383
4009,0.396437
4010,0.330259
4011,0.354798
4012,0.479142
4013,0.354534
4014,0.563986
4015,0.518444
4016,0.456249
4017,0.530310
4019,0.393558
4020,0.400079
4022,0.307052
4023,0.302851
4024,0.243710
4025,0.272872
4026,0.383332
4029,0.391313
4032,0.332344
4046,0.326005
4053,0.297696
4057,0.403882
4061,0.466383
4064,0.648448
4067,0.614681
4070,0.352532
4074,0.314694
4075,0.382859
4076,0.730192
4077,0.540090
4077,0.268543
4078,0.323687
4080,0.630556
4081,0.424115
4082,0.464340
4083,0.414680
4084,0.463692
4086,0.629142
4091,0.699821
4093,0.676279
4100,0.524951
4115,0.661313
4115,0.742041
4129,0.591591
4133,0.705113
4135,0.416139
4136,0.514702
4137,0.545199
4141,0.832848
4141,0.183811
4142,0.894023
4142,0.380494
4143,0.512369
4143,0.583583
4144,0.720586
4144,0.307763
4145,0.881932
4145,0.475938
4146,0.747048
4146,0.603920
4147,0.807989
4147,0.207047
4148,0.922786
4148,0.290811
4150,0.899604
4150,0.348845
4151,0.830816
4151,0.318429
4152,0.826652
4152,0.449191
4153,0.703967
4153,0.642701
4153,0.506842
4154,0.443797
4155,0.815917
4156,0.764301
4157,0.698874
4157,0.324681
4158,0.559866
4158,0.430619
4159,0.682110
4159,0.564761
4161,0.760177
4161,0.431936
4162,0.688929
4163,0.856580
4163,0.413561
4164,0.875313
4164,0.399490
4166,0.297120
4167,0.718931
4167,0.348938
4168,0.269481
4169,0.825123
4169,0.361952
4170,0.814520
4170,0.426442
4171,0.664725
4171,0.663998
4171,0.329821
4172,0.783170
4172,0.336485
4173,0.729794
4173,0.712067
4173,0.436581
4174,0.797218
4174,0.694100
4174,0.469091
4175,0.807279
4175,0.740883
4175,0.636502
4176,0.805773
4176,0.431053
4177,0.727518
4177,0.492416
4178,0.880720
4178,0.702471
4178,0.304458
4179,0.316786
4180,0.626759
4180,0.617636
4181,0.733883
4182,0.755174
4182,0.412808
4183,0.867678
4184,0.895589
4185,0.858549
4185,0.352507
4186,0.878880
4186,0.645697
4187,0.726369
4187,0.859156
4188,0.879677
4188,0.500638
4189,0.633528
4189,0.887291
4189,0.463946
4190,0.601906
4190,0.879491
4190,0.476303
4191,0.321429
4191,0.820179
4192,0.365221
4192,0.616499
4193,0.184416
4193,0.418969
4194,0.542677
4194,0.580596
4195,0.727362
4195,0.449085
4196,0.510740
4196,0.463721
4197,0.614053
4197,0.478164
4198,0.758518
4198,0.398967
4199,0.888847
4199,0.412113
4200,0.834319
4200,0.404173
4201,0.763338
4201,0.295176
4202,0.779587
4202,0.352278
4203,0.921923
4203,0.381861
4204,0.852480
4204,0.499870
4205,0.856163
4205,0.302125
4206,0.810026
4206,0.296068
4207,0.837366
4207,0.333628
4208,0.825297
4208,0.333780
4209,0.736872
4209,0.384009
4210,0.885892
4210,0.363008
4211,0.933220
4211,0.374068
4212,0.935484
4212,0.335533
4213,0.874926
4213,0.288618
4214,0.734373
4214,0.280032
4215,0.707321
4215,0.590759
4215,0.857427
4215,0.218221
4216,0.885768
4216,0.358303
4217,0.900732
4217,0.365769
4218,0.678124
4218,0.377673
4219,0.687678
4219,0.445425
4220,0.824742
4220,0.370194
4221,0.739618
4221,0.423845
4222,0.766018
4222,0.419032
4223,0.770545
4223,0.358775
4224,0.792373
4224,0.265937
4225,0.836709
4225,0.354493
4226,0.623200
4226,0.437463
4227,0.382734
4227,0.708784
4228,0.292347
4229,0.806074
4229,0.523533
4230,0.823877
4230,0.452551
4231,0.848257
4231,0.305357
4232,0.632848
4232,0.294809
4233,0.825062
4233,0.417613
4233,0.015728
4234,0.904539
4234,0.417295
4235,0.912415
4235,0.253176
4236,0.832404
4236,0.449922
4237,0.772986
4237,0.516733
4238,0.830344
4238,0.371690
4239,0.627888
4239,0.282401
4240,0.854763
4240,0.259318
4241,0.884648
4241,0.204275
4242,0.884742
4242,0.406839
4243,0.692014
4243,0.329125
4244,0.681516
4244,0.357646
4245,0.794795
4245,0.371581
4246,0.691331
4246,0.469664
4247,0.612856
4247,0.700830
4247,0.300892
4248,0.742733
4248,0.504712
4249,0.742486
4249,0.495302
4250,0.443261
4251,0.798746
4251,0.310583
4252,0.386503
4253,0.708105
4253,0.314906
4255,0.596999
4256,0.484554
